46 337
95 362
143 385
189 405
232 423
274 437
313 449
350 458
385 464
418 467
448 468
449 468
478 466
504 463
528 458
549 452
567 444
583 435
596 425
606 413
613 399
617 385
618 385
643 390
668 394
691 396
714 397
735 397
755 395
774 391
792 386
808 380
823 372
824 372
825 362
823 354
817 346
808 339
796 333
781 327
762 322
739 317
714 314
685 310
685 311
691 324
693 336
689 348
680 359
665 368
646 377
620 385
590 392
554 398
513 403
514 404
566 401
610 397
647 393
675 389
695 385
707 380
711 375
707 370
695 364
675 358
675 358
673 342
672 324
671 304
670 282
670 258
670 232
670 204
671 174
672 142
673 108
674 108
676 151
682 191
690 227
702 259
716 287
733 311
753 331
776 347
802 359
830 366
831 367
796 393
768 419
745 444
728 468
718 491
712 513
713 534
720 555
732 575
750 593
751 594
705 599
657 601
606 599
553 594
497 586
438 574
376 559
312 540
245 518
176 493
176 493
158 486
141 477
124 466
108 453
92 439
77 422
62 404
48 384
35 362
22 338
22 338
34 343
46 348
58 352
70 356
81 360
92 363
103 365
113 367
124 368
133 368
134 369
137 364
140 360
143 356
146 351
148 346
150 341
151 335
153 329
154 324
154 317
155 318
142 330
129 342
117 352
104 361
91 368
79 375
66 379
53 383
40 385
28 387
28 387
26 360
25 335
24 311
24 289
24 268
24 248
24 230
25 214
26 199
27 186
28 186
38 193
49 200
60 205
72 209
85 211
98 212
111 212
125 210
140 207
154 203
155 203
151 228
148 252
145 274
142 294
140 313
137 330
135 345
133 359
131 370
129 380
130 381
138 383
146 384
154 385
160 386
166 387
170 387
174 386
178 385
180 384
181 383
182 383
184 372
186 363
189 354
191 346
193 340
194 334
196 328
197 324
198 321
200 318
200 319
212 313
223 307
234 302
244 298
253 294
261 290
269 287
275 284
281 282
285 279
286 280
305 288
325 296
346 305
367 314
390 323
414 332
439 342
464 352
491 362
518 372
519 373
514 376
513 378
513 378
516 376
522 372
529 366
539 359
552 349
566 338
583 326
584 326
581 340
580 352
579 363
578 372
578 380
578 385
579 389
581 391
583 392
585 391
586 391
581 382
577 374
573 367
570 360
568 355
565 351
564 348
562 345
562 344
561 343
562 344
513 329
470 315
432 304
399 294
371 285
348 278
330 273
318 269
310 266
307 265
308 266
332 273
354 280
373 285
389 290
404 295
415 298
424 301
430 303
434 304
436 304
436 305
413 323
393 339
375 354
360 367
347 377
336 386
328 393
322 398
319 401
317 402
318 402
268 369
235 345
217 329
216 320
231 320
262 328
309 344
373 368
452 400
547 440
548 441
572 434
593 431
613 431
630 435
645 441
657 451
667 463
675 479
680 498
683 520
684 521
689 529
694 538
697 545
698 553
699 559
697 565
694 570
690 575
685 579
677 582
678 583
598 575
523 565
453 553
387 538
325 522
268 504
215 483
166 460
121 435
82 409
82 409
95 372
108 340
119 312
128 287
136 266
143 249
148 236
152 226
154 220
154 219
155 219
174 213
192 208
209 203
226 198
243 194
258 190
273 187
287 184
300 181
312 178
313 179
320 196
326 212
330 226
333 237
335 247
334 255
333 261
329 265
325 267
318 267
319 268
316 248
314 231
312 215
310 202
309 191
308 182
307 175
306 170
306 167
305 165
306 166
281 159
255 155
229 152
202 151
175 152
146 154
118 158
88 164
58 171
28 180
28 181
39 181
51 182
63 183
75 185
88 187
101 189
114 192
127 195
141 199
154 202
155 203
159 201
165 200
171 199
178 197
186 195
194 193
203 191
213 189
223 186
234 184
235 184
245 181
253 178
258 174
261 170
262 166
260 160
255 154
249 148
239 141
228 133
228 134
222 138
216 142
212 147
209 153
207 158
205 164
204 170
204 177
206 183
208 190
208 191
192 195
179 198
167 199
157 198
149 196
142 193
137 187
133 180
132 172
131 162
132 162
136 158
141 155
145 152
149 150
154 147
158 145
162 143
166 141
170 140
173 138
174 139
178 142
181 144
185 147
188 149
190 152
192 153
194 155
195 156
196 158
197 158
197 159
201 153
204 148
208 144
211 139
213 135
215 131
217 127
218 123
218 119
219 116
219 116
210 115
202 114
194 114
187 114
180 114
173 114
166 115
160 116
153 117
147 119
148 119
143 120
139 121
134 123
128 124
123 126
117 128
111 129
105 131
98 133
92 134
92 135
85 135
80 137
74 138
70 141
66 144
62 148
58 152
56 158
53 163
52 169
52 170
60 170
67 171
73 172
79 173
84 173
88 174
91 174
93 174
94 174
94 174
95 175
96 176
97 178
98 179
99 180
100 182
101 183
101 184
102 185
103 186
104 186
104 187
107 179
110 171
115 165
119 159
124 153
130 148
136 144
142 141
149 138
156 135
157 136
159 134
161 132
162 131
162 129
161 127
160 126
158 124
155 122
152 120
147 119
148 119
143 120
139 121
136 123
132 124
129 126
126 127
123 129
120 130
118 132
116 133
116 134
115 135
116 136
116 137
116 138
117 139
118 139
119 140
120 141
122 141
124 141
124 142
125 141
126 141
128 141
129 140
131 139
133 138
135 137
137 135
139 133
141 131
142 132
146 129
149 126
153 123
156 120
158 116
161 112
163 107
164 103
166 98
166 93
167 93
165 87
163 82
161 77
159 72
157 66
155 61
153 55
151 49
149 43
146 38
147 38
151 35
155 36
157 39
157 45
157 53
154 64
150 78
145 94
139 113
130 134
