46 337
301 473
449 468
602 463
618 385
750 416
824 372
839 325
685 311
732 380
514 404
797 390
675 358
666 284
674 108
680 337
831 367
645 502
751 594
531 629
176 493
86 463
22 338
85 367
134 369
152 349
155 318
92 385
28 387
20 250
28 186
79 229
155 203
138 335
130 381
176 392
182 383
195 329
200 319
264 289
286 280
379 320
519 373
493 395
584 326
572 402
586 391
562 344
562 344
308 266
308 266
436 305
436 305
318 402
318 402
30 220
548 441
674 402
684 521
717 567
678 583
271 549
82 409
155 219
155 219
252 190
313 179
354 272
319 268
306 166
306 166
183 131
28 181
85 182
155 203
178 198
235 184
293 173
228 134
196 155
208 191
128 217
132 162
155 145
174 139
196 155
197 159
219 133
219 116
177 111
148 119
127 126
92 135
60 137
52 170
95 175
95 175
101 183
104 187
119 146
157 136
171 128
148 119
127 126
116 134
115 140
124 142
130 142
142 132
163 120
167 93
158 68
147 38
175 21
131 135
